3996
4017
4121
3802
3794
3888
3987
3989
3798
3789
3901
3811
3948
3796
3793
3903
3765
3946
3776
3784
3774
3788
3900
3877
3784
3761
3799
3872
3893
3736
3792
3894
3838
3898
3775
3782
3874
3812
3903
3791
3797
3828
3880
3930
3839
3779
3793
3979
3757
3896
3793
3796
3838
3786
3886
3798
3796
3791
3794
3889
3754
3783
3789
3785
3785
3863
3788
3796
3794
3787
3907
3762
3794
3785
3813
3912
3757
3796
3794
3788
3953
3746
3773
3788
3824
3915
3842
3791
3784
3946
3901
3836
3772
3788
3924
3870
3884
3793
3792
3764
