38036
38845
38211
37726
37837
38342
38194
38477
38337
38377
38262
38574
38315
38136
38226
38543
38117
37937
37801
38210
38198
38417
37907
37849
37866
38002
37536
37335
38262
37966
37779
37748
37584
37500
37657
37580
38168
37411
37795
37530
37422
37575
37591
37642
37577
38008
37852
37740
37490
37671
37897
37900
37992
37787
37610
38451
38084
37980
37834
37813
38083
37693
37727
37816
38046
37757
37837
38106
37875
37473
37762
38195
37814
38447
37859
37695
37946
38368
38289
37942
37738
38809
37941
37926
37697
37864
38021
38092
38207
37540
37555
37634
38075
38044
37747
37781
37971
37616
37844
37507
