6211
6178
6223
6181
6173
6203
6200
6183
6184
6168
6210
6203
6195
6155
6235
5924
6274
6286
6002
6243
6233
6310
6248
6380
6017
6070
6147
6195
6213
6324
6173
6207
6177
6166
6303
6165
6196
6275
6168
6242
5949
6274
6325
6265
6214
6274
6326
5960
6291
6188
6150
6113
5997
6316
6174
5975
6220
6030
6052
6282
6239
6207
6178
6196
6182
6097
6223
6175
6253
5963
5879
6104
8978
8288
6210
6226
6266
6044
6219
6281
6185
6276
6115
6057
6367
5945
6172
6260
6292
6222
5917
6093
6054
6296
5980
6055
6301
6303
6004
6252
