381375
381336
379383
379140
380477
378931
381695
382595
381738
377640
378288
380364
379252
378363
378449
379963
377407
376091
379879
381316
383324
383464
381381
381753
380755
379719
380391
378313
376319
378321
377750
379078
377927
376593
379337
379003
378263
378981
379393
378510
378801
378353
378492
377582
377881
380854
381956
380492
377640
379415
377806
378660
377171
378287
380015
378417
377730
377953
377553
379242
378378
377731
378795
378771
378752
379182
377344
378125
377388
376698
377988
378980
379947
379661
381842
379820
378005
377302
376077
377903
377612
380114
379033
377794
376660
380115
376372
378143
377223
378254
378953
377732
378081
377453
377422
378204
377469
378624
378293
380467
